5
NH4+	2
N	0.000000	-0.000000	0.999988	0.0000	0.0000	801.3257	944298.3796	-0.4000	14.007
H	-0.000000	-0.000000	-0.026772	0.0000	0.0000	0.000000	0.000000	0.3500	1.008
H	0.968038	-0.000000	1.342241	0.0000	0.0000	0.000000	0.000000	0.3500	1.008
H	-0.484019	-0.838346	1.342241	0.0000	0.0000	0.000000	0.000000	0.3500	1.008
H	-0.484019	0.838346	1.342241	0.0000	0.0000	0.000000	0.000000	0.3500	1.008
1
F-	1
F	0.000000	0.000000	0.978000	0.0000	0.0000	2286.2166	1840417.746	-1.0000	18.998
1
Cl-	1
Cl	1.000000	0.000000	0.000000	0.0000	0.0000	11986.0106	50586074.24	-1.0000	35.45
1
Br-	1
Br	0.000000	0.978000	0.000000	0.0000	0.0000	17457.4559	107310833.5	-1.0000	79.904
4
NO3-	2
N	0.000000	0.000000	0.959250	0.0000	0.0000	664.3122	648986.3436	0.7940	14.007
O	1.075762	0.000000	1.580341	0.0000	0.0000	459.7010	251577.4343	-0.5980	15.999
O	-1.075762	-0.000000	1.580341	0.0000	0.0000	459.7010	251577.4343	-0.5980	15.999
O	0.000000	0.000000	-0.282933	0.0000	0.0000	459.7010	251577.4343	-0.5980	15.999
3
H2O	2
O	0.000000	0.000000	0.960000	0.0000	0.0000	595.0550	582002.6617	-0.8340	15.999
H	0.000000	0.008019	0.002834	0.0000	0.0000	0.000000	0.000000000	0.4170	1.008
H	0.000000	0.924584	1.207742	0.0000	0.0000	0.000000	0.000000000	0.4170	1.008
